> cor_d
                              Bo_Age     Ln_Orig Orig_LTV_Ratio_Pct Credit_score Tot_mthly_debt_exp
Bo_Age                   1.000000000  0.09049317       -0.152741682 -0.008983401        -0.05456392
Ln_Orig                  0.090493168  1.00000000       -0.118532299 -0.074126656        -0.27902971
Orig_LTV_Ratio_Pct      -0.152741682 -0.11853230        1.000000000  0.010293173         0.04957566
Credit_score            -0.008983401 -0.07412666        0.010293173  1.000000000         0.03523269
Tot_mthly_debt_exp      -0.054563919 -0.27902971        0.049575657  0.035232688         1.00000000
Tot_mthly_incm          -0.080649677 -0.39731798        0.021520700  0.126542340         0.46577087
orig_apprd_val_amt      -0.025187371 -0.22150177       -0.016894018  0.100059755         0.46251647
pur_prc_amt             -0.022813107 -0.19235046       -0.009928373  0.094640819         0.47456848
DTI.Ratio               -0.006060064  0.02107993        0.041511424 -0.096797580         0.55180839
median.income....       -0.008907759 -0.07203510        0.015784519  0.098266685         0.09967039
X..of.people.in.poverty  0.003157902  0.01088141       -0.013768398 -0.063060537        -0.01572790
LoanValuetoAppraised     0.078101606  0.72535699       -0.060126626 -0.110846463        -0.48757169
                        Tot_mthly_incm orig_apprd_val_amt  pur_prc_amt    DTI.Ratio median.income....
Bo_Age                     -0.08064968        -0.02518737 -0.022813107 -0.006060064      -0.008907759
Ln_Orig                    -0.39731798        -0.22150177 -0.192350457  0.021079927      -0.072035099
Orig_LTV_Ratio_Pct          0.02152070        -0.01689402 -0.009928373  0.041511424       0.015784519
Credit_score                0.12654234         0.10005975  0.094640819 -0.096797580       0.098266685
Tot_mthly_debt_exp          0.46577087         0.46251647  0.474568478  0.551808386       0.099670393
Tot_mthly_incm              1.00000000         0.56124895  0.528846269 -0.250936043       0.179686817
orig_apprd_val_amt          0.56124895         1.00000000  0.923979853  0.025199313       0.306708203
pur_prc_amt                 0.52884627         0.92397985  1.000000000  0.062891636       0.288565960
DTI.Ratio                  -0.25093604         0.02519931  0.062891636  1.000000000      -0.047856841
median.income....           0.17968682         0.30670820  0.288565960 -0.047856841       1.000000000
X..of.people.in.poverty    -0.02337479        -0.07539128 -0.077041639 -0.003644525      -0.705769540
LoanValuetoAppraised       -0.63567794        -0.72706983 -0.685276792  0.002373912      -0.243151350
                        X..of.people.in.poverty LoanValuetoAppraised
Bo_Age                              0.003157902          0.078101606
Ln_Orig                             0.010881410          0.725356992
Orig_LTV_Ratio_Pct                 -0.013768398         -0.060126626
Credit_score                       -0.063060537         -0.110846463
Tot_mthly_debt_exp                 -0.015727895         -0.487571687
Tot_mthly_incm                     -0.023374791         -0.635677940
orig_apprd_val_amt                 -0.075391280         -0.727069834
pur_prc_amt                        -0.077041639         -0.685276792
DTI.Ratio                          -0.003644525          0.002373912
median.income....                  -0.705769540         -0.243151350
X..of.people.in.poverty             1.000000000          0.052898329
LoanValuetoAppraised                0.052898329          1.000000000